13820 3995710 1532002 3577287
3286002 2959504 3931431 2926694
3654160 2649422 3702627 2598480
3702414 2602790 3702627 2598480
375280 2377181 2120140 2591883
3875726 2708666 3931431 2926694
3786107 2547075 3702627 2598480
2334266 3754737 2707879 3424224
1613400 1057722 1686376 -104303
3305964 2380628 3702627 2598480
1744420 3927424 1532002 3577287
3696849 2604845 3702627 2598480
2357787 401688 1686376 -104303
2127900 1984887 2332340 2000000
3705551 2604421 3702627 2598480
1783014 2978242 2120140 2591883
2536648 2910642 2707879 3424224
3999189 2989409 3931431 2926694
3939169 2382534 3702627 2598480
2792378 2002602 2332340 2000000
3520934 3617637 2707879 3424224
2614525 1628105 2332340 2000000
2828931 3996545 2707879 3424224
2184699 2161391 2332340 2000000
2272873 1816621 2332340 2000000
1630899 3675405 1532002 3577287
3683190 2619409 3702627 2598480
180960 185390 187063 -1440697
1528472 3321640 1532002 3577287
3993470 2905566 3931431 2926694
1684313 20931 1686376 -104303
2547761 2464195 2120140 2591883
3711518 845968 3702627 2598480
3925049 2897039 3931431 2926694
1590740 3586256 1532002 3577287
1033496 3762565 1532002 3577287